generation,num_people,num_immigrants,num_children
0,3,2,9
1,14,6,13
2,33,9,12
3,54,8,16
4,78,11,25
5,114,17,39
6,170,27,74
7,271,51,116
8,438,80,224
9,742,155,410
