generation,num_people,num_immigrants,num_children
0,5,2,11
1,18,5,29
2,52,13,43
3,108,19,63
4,190,28,98
5,316,43,184
6,543,81,377
7,1001,166,690
8,1857,303,1198
