generation,num_people,num_immigrants,num_children
0,11,7,13
1,31,8,9
2,48,6,9
3,63,6,11
4,80,7,17
5,104,11,11
6,126,7,14
7,147,9,23
8,179,15,23
9,217,15,34
