generation,num_people,num_immigrants,num_children
0,4,2,8
1,14,5,8
2,27,5,12
3,44,7,17
4,68,10,15
5,93,9,28
6,130,16,54
7,200,31,82
8,313,47,152
